[
    {
        "dis/loss": 4.367041110992432,
        "gen/loss": 2.671844244003296,
        "epoch": 100,
        "iteration": 100,
        "elapsed_time": 69.85983224580103
    },
    {
        "dis/loss": 5.020648956298828,
        "gen/loss": 2.57102108001709,
        "epoch": 200,
        "iteration": 200,
        "elapsed_time": 138.1060737443984
    }
]